18.714609
3.793940
0.682271
1.514636
3.062141
4.074748
3.030389
1.260339
1.286287
-1.494728
-0.344518
0.908169
-1.186292
-1.829488
0.498931
0.364778
-0.976792
-1.166820
-0.690039
-0.051221
0.176268
2.735350
-0.101711
0.571718
-0.693049
3.067278
4.932842
3.369956
3.359864
3.514818
4.111594
-0.100035
2.846833
2.880781
2.032576
3.451117
4.340609
2.787966
0.029782
2.597800
0.044859
0.160858
-0.130333
0.760023
1.194219
0.577284
0.095040
0.029243
1.823986
1.785309
3.659874
1.431218
2.458616
0.852927
0.067011
0.169042
-0.950911
0.327709
2.917140
0.182041
1.524737
1.495807
1.750871
2.750245
-0.204121
1.668342
-0.875315
0.238952
0.535061
0.491378
-1.505835
0.545444
-2.417321
-2.291718
-2.026707
-2.521041
-0.776480
-2.050454
-0.723659
1.521285
-0.060633
-0.511392
1.343919
0.555718
1.423258
-0.351115
2.068416
0.235078
1.215227
2.684369
1.545117
0.464554
-1.098588
-0.296923
0.826683
0.900241
-0.086082
1.510178
-0.631200
2.319153
-0.227784
2.669430
4.061555
5.706923
3.184094
0.428261
3.301224
0.931786
0.941475
2.222432
0.852313
-0.825497
0.226277
3.233194
4.066996
0.826140
3.861883
-0.391428
3.952853
3.611152
0.760129
2.413381
4.979760
1.920743
6.201250
-0.047398
3.402156
1.014192
1.858284
1.248546
-0.729353
-0.875185
-0.227551
-0.058085
1.529183
1.489914
-1.354779
-1.320025
-0.180870
-2.482809
-0.596568
-0.319704
-1.785262
-1.224884
-0.368092
0.669941
-2.030337
-1.908716
-2.768267
2.813472
2.632866
2.286724
-0.805710
0.155688
0.012565
0.105208
0.170502
0.117861
1.589675
1.537881
0.155295
1.850276
1.770129
3.684467
0.378391
0.349590
1.616439
1.479603
2.188144
1.261182
1.526617
1.524760
1.439671
1.665871
1.852255
1.503165
0.266367
1.266079
1.465618
2.769546
2.227560
1.152346
1.088185
0.388168
0.823374
1.105556
1.074435
0.011282
1.425133
2.585515
1.009284
1.804786
2.177676
0.727983
1.902075
1.400177
-0.770059
-0.108435
-0.240172
1.570568
-0.498276
0.172712
1.395168
1.236520
-0.256189
0.873680
1.364201
2.533626
2.480309
3.854311
1.391523
3.600733
2.426865
1.562114
1.809065
1.841150
2.805258
1.625693
2.662911
0.238424
3.198048
0.749694
1.862189
1.443948
2.264611
3.835448
2.127750
2.473007
1.212389
0.791557
1.334268
0.809186
0.539199
1.085007
1.785768
2.716752
2.098458
1.864162
1.107153
1.207723
1.944674
0.758375
0.860160
2.302281
-0.045904
0.763960
0.067912
2.166280
0.718316
0.791631
1.526629
-0.652576
0.449651
1.135450
1.207910
3.229810
1.191164
2.130090
1.250759
1.913645
0.341915
0.192942
2.551483
3.042123
0.674960
1.530879
0.776674
0.633771
0.455798
2.119962
1.872355
1.567379
1.565396
3.117760
2.116311
-0.860285
-0.360171
1.457742
0.937648
0.149970
1.911917
-0.711243
0.414614
-1.327136
0.171442
-0.386970
2.408993
0.007765
1.559854
-0.599698
1.096297
2.126350
2.118658
0.093763
2.782872
3.645472
0.794447
1.306806
2.508135
0.649815
0.039903
-2.925274
0.468770
-1.152627
-0.661643
-0.458575
1.929851
-2.427773
-2.831568
-2.185584
-1.797055
-1.503298
-1.162770
0.106299
2.226943
-0.862218
-2.211882
-0.348965
-1.869550
-2.558095
-1.337368
-3.197166
0.033338
-1.625642
-0.500646
0.862855
-1.209570
0.777357
1.004530
5.287010
1.664576
2.009289
1.635514
-1.015373
1.653626
1.252727
1.108457
3.238152
0.423597
-0.910440
-0.730327
2.363255
2.820784
1.417670
2.903350
0.390963
0.748124
1.001472
2.033588
1.028236
0.923989
2.544513
1.340300
0.744533
-0.428627
0.967835
2.958807
1.784299
4.913365
3.247827
1.890888
2.422470
2.449419
2.924856
1.670120
1.168971
-1.992064
0.947411
0.857014
0.127074
1.408015
2.794905
0.619847
2.260486
-0.257837
-0.906781
-0.225823
0.846389
2.655071
2.315502
1.589676
4.205567
4.728375
-0.028759
1.523872
2.750814
0.084086
1.080619
0.191179
10.799935
5.919318
8.444405
1.761326
0.542777
7.742877
6.626377
-0.195001
4.828415
-1.987618
-1.431368
-0.414958
-0.141354
-1.669985
-5.609217
-4.635348
-1.257246
-3.186028
-2.864858
0.507802
-2.350791
3.931329
-0.481259
0.611611
1.200251
-0.798185
-1.921390
-1.367387
-0.549257
-2.574714
0.187983
1.047838
-2.493742
-1.954683
-3.014164
-2.816909
-2.939701
-0.291805
1.282793
0.821536
0.689219
-1.483209
-1.850911
-1.266249
-2.323671
-1.636634
-0.001347
-1.628450
-1.734241
-2.115534
0.081852
2.492585
3.066630
-0.960660
-1.543162
-0.795238
-1.237774
-3.502000
1.449263
0.536374
0.605503
-0.236172
0.203202
0.105023
-3.239803
-2.872144
0.563683
0.384666
1.558142
0.815190
-3.238267
-1.924261
-0.124215
-1.031665
2.256281
-0.823726
1.134808
-3.106057
-0.486534
-1.285953
2.565624
-1.923253
-0.844714
1.459536
0.083081
-0.293874
-1.615937
-1.894596
-1.076680
-2.997696
-0.598538
-2.560312
-3.620022
-2.554407
-1.401922
-2.813915
-2.159217
-1.256099
-1.342073
0.014924
-0.309317
0.900466
2.222004
-2.125427
-3.438662
1.669880
-3.538164
-0.965451
-3.065974
-3.335617
-0.293835
-1.624334
0.205341
0.729945
-0.462241
-1.480484
-1.635219
-1.386887
-1.242259
-1.628332
-3.560678
-4.113081
0.640319
0.553870
-0.996001
0.524453
1.176951
-3.012896
-3.270571
0.682690
-1.535770
-3.941034
1.103906
3.497661
0.587286
0.023137
-1.538418
-4.428052
-3.916789
-1.068069
0.536330
-1.995257
-2.598713
-2.687604
-3.158357
-2.477180
-0.248593
-2.680909
-1.145026
-1.868309
0.610053
-2.320087
1.609287
0.078608
-2.253404
2.622770
-1.728245
-2.729659
-1.569562
-3.921897
-1.836553
-1.997804
-3.221245
0.220815
-3.564336
-2.238838
-2.234398
-2.231166
-1.213777
-0.839794
0.737416
-0.966154
-1.364854
-0.438940
-3.085454
-4.394750
-2.729067
0.365303
0.967910
-0.492568
-1.998032
-1.000748
-0.403392
1.064097
0.049630
2.244133
1.841627
-4.042775
3.985341
-2.616542
-3.613345
0.120424
-0.975545
-1.647046
-1.643122
-1.555441
-1.997012
-0.516292
1.209493
-0.911902
-1.660922
-0.832338
-1.321635
-5.068470
-0.936846
-0.585975
-0.030198
0.916490
0.037723
-2.941056
0.655506
-1.864245
0.076794
-0.910256
-1.661656
-0.852875
-3.499527
-2.845502
0.234836
-0.583399
-0.313227
1.088791
-1.095685
-0.229730
-2.402411
-1.242723
0.509689
-1.194356
0.126584
0.461668
-2.082278
-1.013150
2.082652
-0.850834
-1.461704
-2.541224
-4.476516
-2.057623
-1.747480
-3.940902
-5.312668
0.241268
-2.022216
-1.766665
-1.018086
-0.056047
-0.345409
-0.053730
-0.790877
-0.331517
-1.308402
-0.272897
1.637816
0.166179
0.783075
-3.427070
-0.995223
0.795112
-1.843124
-4.545342
2.043944
-2.180223
-1.621256
1.819876
1.233479
-0.286926
-0.485204
-1.597594
-1.436174
0.014326
-0.057140
-0.179046
-0.007994
-2.797213
-2.402180
-2.623131
-0.371343
0.964830
-0.197376
-2.844385
-1.226244
-1.179399
1.282973
1.439517
-1.874453
-0.447732
-1.228827
0.645507
-1.523685
0.209998
-1.789323
1.254461
-1.140270
-1.901974
-0.697845
-0.145401
-1.318269
-1.261367
-3.681370
-2.202541
-1.187659
0.306162
-0.955110
0.006315
1.152735
-1.846544
-0.977548
-1.682446
-2.406758
-2.778694
0.740324
-0.015074
-1.709001
-0.228532
0.139538
-3.193064
0.007917
-1.096903
-2.020106
-0.008328
-3.012846
-4.564807
-3.045938
-0.434773
-2.516580
0.579469
-0.166833
0.066746
-1.726305
-1.120156
1.425712
-0.553328
-1.500874
-1.000998
-0.559759
-2.521149
0.117369
-0.181670
-0.985704
0.190636
-1.935600
-0.101056
0.025558
-3.092924
-0.303691
-1.529978
0.973578
-2.773313
-0.091183
-0.529105
0.916395
-0.315034
-1.937086
-2.618295
-2.397648
-0.357105
-2.884869
-2.650187
-0.901787
-1.232126
1.222874
-2.230858
-1.785535
-0.312438
-1.557060
-2.136487
-0.922266
0.542899
-1.732872
5.277861
-2.195480
-2.113654
-0.966029
-1.035807
-0.482887
1.340080
-1.261122
1.435907
-3.745471
2.321830
-3.327354
-0.604370
-2.093954
-2.420436
-1.804399
-1.113647
0.060234
-0.889748
0.271533
-0.250444
-0.592285
-2.276002
-1.936081
-1.897253
-1.983711
0.681013
0.046154
-3.170780
2.401219
-2.339628
-1.854703
-1.147353
-1.065451
1.022696
1.021792
-3.400999
-3.364122
0.646272
0.268849
-1.255334
-2.542500
-2.411518
-1.241290
-1.416231
-2.889603
-1.245557
1.797703
-2.702623
0.025934
2.108616
-0.374445
-1.901296
-0.835689
-3.359904
-0.827972
-1.187772
-0.727754
-0.907987
-2.284329
-1.633201
-1.844103
-1.470349
-2.651782
1.621361
-1.707426
0.144041
2.977985
-0.768888
0.512079
0.055731
-1.107780
-0.682388
-2.626409
0.167867
-2.364815
0.838512
0.168979
-0.916639
-0.545694
0.964472
0.173749
-2.876394
1.603019
0.332236
0.162954
-2.705117
-1.144966
-2.442490
-1.266489
-2.503937
-2.095161
0.928308
-1.493923
1.431933
0.345790
-2.804423
-2.250361
-1.638560
-2.153588
-2.100638
-1.435101
-0.375247
0.393549
-2.282819
0.448332
-2.213163
-2.904286
2.036452
-3.284815
-0.169024
-0.850401
0.444157
-1.921308
-1.462305
-2.531218
-1.496967
-0.123396
0.852541
-1.737863
-2.782976
-0.534613
0.271812
-1.373417
-1.949921
-1.593416
-2.503856
0.186515
-1.520658
-0.380806
-1.237563
-0.989060
-2.379155
0.432860
-2.293534
-2.174305
-4.006130
-3.873834
-2.682489
-2.063950
0.157012
1.414987
-2.876873
1.388772
0.289887
0.942482
-1.066836
-3.382755
0.673245
1.084928
-4.837374
0.594340
1.410847
1.699192
2.271941
-1.014941
-1.805656
-0.303436
-2.047169
-2.421641
-0.443129
-1.596425
-2.573815
-0.926684
-4.227150
1.897980
1.714860
1.688508
1.468546
-0.610482
-2.399977
1.117452
1.849342
0.941560
1.239404
0.522633
2.599706
1.766697
2.783891
0.452355
1.387120
3.304757
3.017159
1.062443
0.159169
2.452419
1.803886
-1.602529
0.093084
3.069332
1.416615
-1.155275
-0.977233
1.667561
-0.251591
0.626362
0.636195
5.189644
1.837736
-0.467846
-0.811377
0.058558
-1.719403
0.251377
0.303213
-0.452868
-0.031998
2.295899
-0.577452
-0.559943
-0.600721
0.324852
-0.616681
-0.497612
0.143556
2.540173
-0.974975
1.642425
-1.352196
1.155693
-1.535597
1.455059
-1.503744
-0.329700
-0.190952
-0.278478
-0.324788
0.053309
1.005320
1.745318
0.135124
-3.007594
1.566416
0.797971
1.701461
1.728070
3.605966
2.182636
5.026783
7.203432
3.231799
-3.181879
